$ 1 0.000005 9.78399845368213 1 5 50
w 304 384 432 384 0
w 528 384 656 384 0
w 752 384 880 384 0
w 976 384 1104 384 0
w 1200 384 1344 384 0
w 1568 384 1440 384 0
w 1664 384 1760 384 0
188 -400 128 -272 128 0 2 false
164 -352 -128 -304 -128 0 4 0 0 0 0 false
150 32 -96 192 -96 0 2 0 5
150 -144 -48 16 -48 0 2 0 5
R -576 -112 -672 -112 1 2 600 2.5 2.5 0 0.05
s -1360 -208 -1248 -208 0 1 true
R -1360 -208 -1440 -208 0 0 40 5 0 0 0.5
150 -512 -128 -384 -128 0 2 0 5
155 -912 -208 -864 -208 0 0
155 208 384 304 384 0 5
155 432 384 496 384 0 5
155 656 384 720 384 0 0
155 880 384 896 384 0 5
155 1104 384 1168 384 0 0
155 1344 384 1360 384 0 5
155 1568 384 1600 384 0 5
w -816 -208 -768 -208 0
w -384 -128 -352 -128 0
w -768 -208 -512 -208 0
w -512 -208 -512 -144 0
w -576 -112 -512 -112 0
w -1248 -208 -912 -208 0
152 -1104 -336 -960 -336 0 2 0 5
w -1248 -208 -1248 -320 0
w -1248 -320 -1104 -320 0
w -960 -336 -960 -176 0
w -960 -176 -912 -176 0
w -1104 -352 -1104 -400 0
w -1104 -400 -352 -400 0
w -352 -400 -352 -32 0
w -352 -400 192 -400 0
w 432 416 368 416 0
w 1568 416 1568 496 0
w 1344 416 1344 496 0
w 1104 416 1104 496 0
w 880 416 880 496 0
w 656 416 656 496 0
w 368 416 368 496 0
w 208 496 368 496 0
w 368 496 656 496 0
w 656 496 880 496 0
w 880 496 1104 496 0
w 1104 496 1344 496 0
w 1344 496 1568 496 0
154 976 320 784 320 0 2 5 5
154 1200 304 992 304 0 2 0 5
154 1424 288 1200 288 0 2 0 5
155 1776 384 1936 384 0 5
w 1760 384 1776 384 0
w 1776 416 1776 496 0
w 1776 496 1568 496 0
w 1888 384 1872 384 0
w 976 336 976 384 0
w 976 304 992 304 0
w 1200 320 1200 384 0
w 1440 384 1440 304 0
w 1424 304 1440 304 0
w 1424 272 1888 272 0
w 1888 272 1888 384 0
w 784 320 208 320 0
R -560 624 -688 624 1 2 400 2.5 2.5 0 0.05
w -816 -144 -816 592 0
w -816 592 -544 592 0
150 -512 608 -352 608 0 2 0 5
w -544 592 -512 592 0
w -528 624 -512 624 0
152 -16 416 192 416 0 2 0 5
w -16 400 -384 400 0
w -16 432 -16 496 0
150 -304 544 -176 544 0 2 5 5
w 208 320 -320 320 0
w -320 320 -320 528 0
w -320 528 -304 528 0
150 -304 464 -176 464 0 2 0 5
w -768 -208 -768 128 0
w -768 128 -768 416 0
w -304 480 -768 480 0
w -768 480 -768 416 0
w -304 448 -304 160 0
152 -160 496 -32 496 0 2 5 5
w -176 464 -160 464 0
w -160 464 -160 480 0
w -176 544 -176 512 0
w -176 512 -160 512 0
w 208 416 208 496 0
w -352 608 -16 608 0
w -16 496 -16 608 0
w 176 384 208 384 0
w 192 416 208 416 0
w 176 384 -16 384 0
w -32 496 -32 384 0
w -32 384 -16 384 0
w -256 -32 -144 -32 0
w -144 -64 -256 -64 0
w -256 -96 -144 -96 0
w -144 -96 -144 -112 0
w 32 -112 -144 -112 0
w 16 -48 16 -80 0
w 16 -80 32 -80 0
w 208 -96 192 -96 0
w -256 -128 208 -128 0
150 208 -112 352 -112 0 2 0 5
w 352 -112 352 -400 0
w 352 -400 192 -400 0
w -304 560 -512 560 0
w -512 560 -512 592 0
152 -400 -16 -400 128 0 2 0 5
w -352 -32 -384 -32 0
w -384 -32 -384 -16 0
w -384 -128 -384 -64 0
w -384 -64 -416 -64 0
w -416 -64 -416 -16 0
w -400 128 -400 400 0
w -400 400 -384 400 0
w -560 624 -528 624 0
