$ 1 0.000005 5.934295036739208 50 5 43
155 1104 0 1120 0 0 0
155 992 0 1008 0 0 5
155 880 0 928 0 0 5
155 768 0 784 0 0 5
155 656 0 672 0 0 5
155 544 0 592 0 0 5
155 432 0 480 0 0 5
155 320 0 384 0 0 5
188 -96 -16 -32 -16 0 255 false
150 -256 -288 -192 -288 0 2 0 5
w 432 32 432 96 0
w 544 32 544 96 0
w 656 32 656 96 0
w 768 32 768 96 0
w 880 32 880 96 0
w 528 0 544 0 0
w 640 0 656 0 0
w 752 0 768 0 0
w 864 0 880 0 0
w 976 0 992 0 0
w 1088 0 1104 0 0
w 992 32 992 96 0
w 1104 32 1104 96 0
w 1104 96 992 96 0
w 992 96 880 96 0
w 880 96 768 96 0
w 768 96 656 96 0
w 656 96 544 96 0
w 544 96 432 96 0
w 432 96 320 96 0
w 400 512 288 512 0
w 512 512 400 512 0
w 624 512 512 512 0
w 736 512 624 512 0
w 848 512 736 512 0
w 960 512 848 512 0
w 1072 512 960 512 0
w 1072 448 1072 512 0
w 960 448 960 512 0
w 1056 416 1072 416 0
w 944 416 960 416 0
w 832 416 848 416 0
w 720 416 736 416 0
w 608 416 624 416 0
w 496 416 512 416 0
w 384 416 400 416 0
w 848 448 848 512 0
w 736 448 736 512 0
w 624 448 624 512 0
w 512 448 512 512 0
w 400 448 400 512 0
188 -48 400 16 400 0 255 false
155 288 416 352 416 0 0
155 400 416 448 416 0 0
155 512 416 560 416 0 0
155 624 416 640 416 0 0
155 736 416 752 416 0 0
155 848 416 896 416 0 0
155 960 416 976 416 0 0
155 1072 416 1088 416 0 0
155 -432 -32 -368 -32 0 0
155 -432 432 -352 432 0 0
w -432 -32 -560 -32 0
w -560 16 -560 -32 0
152 -496 0 -432 0 0 2 0 5
w -560 16 -496 16 0
R -704 32 -784 32 0 0 40 5 0 0 0.5
s -704 32 -640 32 0 1 true
w -432 432 -560 432 0
w -560 480 -560 432 0
152 -496 464 -432 464 0 2 0 5
w -560 480 -496 480 0
R -704 496 -784 496 0 0 40 5 0 0 0.5
s -704 496 -640 496 0 1 true
w -48 -288 0 -288 0
164 -144 -288 -64 -288 0 4 0 0 0 0 false
150 -112 400 -48 400 0 2 0 5
150 -160 -16 -96 -16 0 2 0 5
w -336 -32 -160 -32 0
152 -320 -128 -320 -192 0 2 0 5
w -336 -32 -336 -128 0
w -320 -192 -320 -304 0
w -320 -304 -256 -304 0
R -256 -272 -304 -272 1 2 200 2.5 2.5 0 0.9500000000000001
150 -640 480 -560 480 0 2 0 5
150 -640 16 -560 16 0 2 0 5
I -576 -192 -640 -192 0 0.5 5
w -320 -192 -576 -192 0
w -192 -288 -144 -288 0
w -192 -288 -192 0 0
w -192 0 -160 0 0
w -496 -96 -496 -16 0
w -496 -96 -160 -96 0
w -144 -192 -160 -192 0
w -160 -192 -160 -336 0
w -160 -192 -160 -96 0
w -640 464 -816 464 0
w -640 0 -816 0 0
w -816 0 -816 -192 0
w -816 -192 -640 -192 0
w -160 -336 0 -336 0
w 0 -336 0 -288 0
155 1344 0 1472 0 0 0
155 1472 0 1552 0 0 0
150 -640 352 -576 352 0 2 0 5
155 -432 304 -352 304 0 0
w 1248 0 1344 0 0
w 1328 32 1344 32 0
w 1344 32 1344 96 0
w 1344 96 1472 96 0
w 1472 96 1472 32 0
w 1440 0 1456 0 0
w 1456 0 1472 0 0
w 1568 0 1584 0 0
w 1456 0 1456 160 0
w 1584 0 1584 160 0
150 1776 224 1888 224 0 2 0 5
w 1888 224 1888 -144 0
w 1888 -144 1536 -144 0
150 -160 320 -80 320 0 2 0 5
w -192 336 -160 336 0
R -720 368 -784 368 0 0 40 5 0 0 0.5
152 -496 336 -432 336 0 2 0 5
w -576 352 -496 352 0
w -576 352 -576 304 0
w -576 304 -432 304 0
w -816 336 -640 336 0
s -720 368 -640 368 0 1 true
152 160 96 224 96 0 2 0 5
w 288 512 288 448 0
150 48 32 128 32 0 2 0 5
150 48 -32 128 -32 0 2 0 5
152 144 0 224 0 0 2 0 5
w 128 -32 144 -32 0
w 144 -32 144 -16 0
w 144 16 144 32 0
w 144 32 128 32 0
w 48 -48 48 -80 0
w 1168 416 1168 368 0
w 208 448 192 448 0
w 208 432 208 448 0
w 208 384 208 400 0
w 192 384 208 384 0
152 208 416 288 416 0 2 0 5
150 112 384 192 384 0 2 0 5
150 112 448 192 448 0 2 0 5
152 208 512 272 512 0 2 0 5
w 112 336 1168 336 0
w 1168 336 1168 368 0
w 48 464 -48 464 0
w -48 400 -48 464 0
152 1808 544 1920 544 0 2 0 5
w -80 320 -80 352 0
w -80 352 32 352 0
152 16 320 16 240 0 2 0 5
w -80 320 -48 320 0
w 0 16 48 16 0
w 48 -16 16 -16 0
w 0 320 -48 320 0
w 32 352 48 352 0
w 48 352 48 400 0
w -160 384 -112 384 0
w -816 0 -816 336 0
w -816 336 -816 464 0
w -496 -16 -496 320 0
w -496 320 -496 448 0
w -112 416 -192 416 0
w -192 416 -192 336 0
w -192 0 -192 336 0
w -160 384 -224 384 0
w -224 384 -224 432 0
w 48 400 64 400 0
w 112 336 112 368 0
w 112 464 48 464 0
w 48 432 112 432 0
w 64 400 112 400 0
w 32 320 80 320 0
w -272 304 -160 304 0
w 208 528 48 528 0
w 48 464 48 528 0
w 80 320 80 496 0
w 80 496 208 496 0
w 272 512 288 512 0
152 -304 224 -304 128 0 2 0 5
w -304 -128 -304 128 0
w -320 224 -320 304 0
w -320 304 -336 304 0
w -288 224 -288 432 0
w -336 432 -288 432 0
w -288 432 -224 432 0
w -272 304 -320 304 0
w 160 112 16 112 0
w 16 112 16 240 0
w 16 -16 16 112 0
w 48 80 160 80 0
w 256 0 224 0 0
w 256 0 320 0 0
w 320 32 320 96 0
w 416 0 432 0 0
w 224 0 224 16 0
w 1200 0 1200 -80 0
w 1200 -80 48 -80 0
152 256 32 320 32 0 2 0 5
w 256 16 224 16 0
w 256 48 224 48 0
w 224 48 224 96 0
w -96 -16 -96 80 0
w -96 80 48 80 0
w 48 80 48 48 0
